1020018
1020021
1020024
1020030
1020047
1020082
1020197
1020208
1020251
1020259
1020270
1020323
1020334
1020352
1020358
1020426
1020440
1020446
1020447
1020452
1020534
1020537
1020540
1020572
1020644
1020674
1020684
1020690
1020698
1020733
1020757
1020784
1020818
1020822
1020836
1020845
1020846
1020855
1020866
1020882
1020895
1020936
1020943
1021144
1021292
1021307
1021450
1021460
1021461
1021463
1021500
1021504
1021506
1021514
1021515
1021516
1021518
1021554
1021561
1021584
1021590
1021592
1021595
1021599
1021606
1021607
1021608
1021618
1021623
1021627
1021629
1021636
1021638
1021648
1021652
1021654
1021663
1021668
1021670
1021675
1021719
1021721
1021722
1021724
1021733
1021744
1021796
1021800
1021819
1021905
1021922
1021923
1021936
1021942
1021975
1021980
1021981
1022056
1022099
1022146
1022151
1022218
1022250
1022260
1022296
1022300
1022334
1022364
1022365
1022377
1022378
1022391
1022393
1022397
1022407
1022435
1022448
1022459
1022467
1022480
1022503
1022505
1022522
1022531
1022557
1022566
1022594
1022608
1022609
1022615
1022644
1022653
1022669
1022675
1022702
1022735
1022736
1022761
1022778
1022792
1022827
1022828
1022833
1022837
1022838
1022843
1022845
1022859
1022862
1022866
1022867
1022870
1022871
1022879
1022880
1022881
1022885
1022895
1022897
1022914
1022919
1022931
1022937
1022950
1022970
1022972
1022977
1022984
1022986
1023023
1023024
1023051
1023063
1023070
1023076
1023078
1023104
1023147
1023162
1023164
1023192
1023226
1023238
1023239
1023244
1023293
1023298
1023310
1023317
1023390
1023400
1023408
1023409
1023411
1023419
1023438
1023456
1023479
1023481
1023487
1023488
1023546
1023591
1023609
1023715
1023720
1023734
1023742
1023743
1023839
1023840
1023890
1023954
1023970
1023989
1024075
1024104
1024166
1024167
1024170
1024186
1024191
1024193
1024195
1024200
1024206
1024210
1024223
1024545
1024546
1024643
1024645
1024669
1024674
1024684
1024699
1024714
1024717
1024725
1024726
1024727
1024752
1024754
1024757
1024759
1024761
1024771
1024781
1024782
1024797
1024799
1024802
1024818
1024823
1024830
1024835
1024837
1024858
1024868
1024869
1024872
1024881
1024956
1025004
1025022
1025066
1025080
1025090
1025112
1025151
1025158
1025182
1025214
1025245
1025248
1025260
1025291
1025294
1025299
1025308
1025315
1025323
1025333
1025334
1025353
1025379
1025380
1025381
1025386
1025390
1025402
1025409
1025449
1025463
1025472
1025477
1025493
1025522
1025561
1025563
1025588
1025589
1025598
1025601
1025602
1025604
1025630
1025635
1025638
1025649
1025656
1025657
1025667
1025673
1025685
1025686
1025688
1025689
1025691
1025692
1025698
1025707
1025714
1025745
1025747
1025751
1025782
1025800
1025810
1025825
1025826
1025829
1025841
1025842
1025843
1025844
1025846
1025863
1025877
1025896
1025897
1025898
1025901
1025950
1025968
1025973
1025989
1025996
1025997
1026044
1026108
1026113
1026114
1026123
1026170
1026285
1026296
1026580
1026644
1026657
1026720
1026738
1026749
1026758
1026759
1026767
1026769
1026770
1026775
1026783
1026786
1026787
1026788
1026794
1026803
1026805
1026813
1026815
1026816
1026918
1026922
1026931
1026932
1026941
1026942
1026952
1026956
1027046
1027117
1027120
1027165
1027172
1027177
1027188
1027196
1027208
1027227
1027234
1027247
1027255
1027334
1027338
1027439
1027455
1027474
1027480
1027486
1027488
1027518
1027519
1027537
1027549
1027551
1027555
1027560
1027562
1027590
1027611
1027619
1027724
1027729
1027739
1027754
1027793
1027797
1027815
1027817
1027822
1027823
1027834
1027856
1027866
1027873
1027889
1027893
1027897
1028199
1028249
1028525
1028537
1028571
1028573
1028574
1028581
1028582
1028586
1028616
1028617
1028620
1028628
1028644
1028670
1028672
1028694
1028695
1028713
1028726
1028738
1028744
1028769
1028777
1028782
1028814
1028822
1028852
1028904
1028937
1029066
1029079
1029086
1029088
1029121
1029153
1029262
1029313
1029435
1029511
1029518
1029553
1029663
1029763
1029806
1029810
1029827
1029919
1029960
1029968
1029977
1029991
1030015
1030016
1030026
1030060
1030075
1030085
1030113
1030123
1030129
1030169
1030198
1030210
1030219
1030248
1030252
1030276
1030277
1030335
1030340
1030355
1030356
1030367
1030369
1030423
1030447
1030464
1030474
1030478
1030484
1030485
1030496
1030498
1030499
1030501
1030510
1030528
1030544
1030556
1030558
1030581
1030584
1030586
1030587
1030591
1030636
1030640
1030678
1030685
1030688
1030698
1030699
1030756
1030764
1030795
1030798
1030810
1030816
1030818
1030841
1030909
1030931
1030970
1030972
1030976
1030980
1030984
1031000
1031015
1031092
1031201
1031219
1031288
1031309
1031316
1031564
1031565
1031566
1031593
1032738
1032882
1032971
1033031
1033253
1033301
1033368
1033371
1033375
1033391
1033393
1033413
1033428
1033429
1033432
1033439
1033492
1033496
1033507
1033511
1033521
1033542
1033543
1033577
1033579
1033587
1033592
1033598
1033611
1033616
1033643
1033655
1033665
1033676
1033678
1033681
1033703
1033741
1033747
1033751
1033762
1033764
1033775
1033818
1033833
1033840
1033849
1033930
1033932
1033946
1033998
1034008
1034059
1034138
1034215
1034229
1034231
1034232
1034243
1034306
1034309
1034346
1034359
1034389
1034403
1034494
1034575
1034619
1034627
1034637
1034667
1034668
1034678
1034679
1034800
1035363
1035429
1035479
1035653
1035908
1035920
1036087
